/*

FIR filter designed with
 http://t-filter.appspot.com

sampling frequency: 768000 Hz

fixed point precision: 16 bits

* 0 Hz - 30000 Hz
  gain = 1
  desired ripple = 1 dB
  actual ripple = n/a

* 40000 Hz - 384000 Hz
  gain = 0
  desired attenuation = -80 dB
  actual attenuation = n/a

*/

#define FILTER_TAP_NUM 209

static int filter_taps[FILTER_TAP_NUM] = {
  -6,
  -9,
  -14,
  -21,
  -29,
  -40,
  -52,
  -65,
  -79,
  -94,
  -108,
  -121,
  -132,
  -140,
  -144,
  -144,
  -138,
  -127,
  -111,
  -89,
  -63,
  -33,
  0,
  33,
  64,
  93,
  117,
  134,
  144,
  144,
  134,
  116,
  88,
  54,
  14,
  -29,
  -71,
  -110,
  -143,
  -166,
  -178,
  -178,
  -163,
  -135,
  -94,
  -43,
  16,
  78,
  138,
  194,
  239,
  270,
  283,
  277,
  250,
  203,
  138,
  59,
  -30,
  -123,
  -212,
  -291,
  -353,
  -393,
  -405,
  -386,
  -336,
  -256,
  -150,
  -23,
  116,
  259,
  393,
  510,
  598,
  648,
  654,
  610,
  516,
  374,
  189,
  -29,
  -267,
  -509,
  -738,
  -936,
  -1084,
  -1166,
  -1165,
  -1072,
  -879,
  -583,
  -188,
  297,
  860,
  1482,
  2140,
  2809,
  3462,
  4071,
  4611,
  5059,
  5393,
  5601,
  5671,
  5601,
  5393,
  5059,
  4611,
  4071,
  3462,
  2809,
  2140,
  1482,
  860,
  297,
  -188,
  -583,
  -879,
  -1072,
  -1165,
  -1166,
  -1084,
  -936,
  -738,
  -509,
  -267,
  -29,
  189,
  374,
  516,
  610,
  654,
  648,
  598,
  510,
  393,
  259,
  116,
  -23,
  -150,
  -256,
  -336,
  -386,
  -405,
  -393,
  -353,
  -291,
  -212,
  -123,
  -30,
  59,
  138,
  203,
  250,
  277,
  283,
  270,
  239,
  194,
  138,
  78,
  16,
  -43,
  -94,
  -135,
  -163,
  -178,
  -178,
  -166,
  -143,
  -110,
  -71,
  -29,
  14,
  54,
  88,
  116,
  134,
  144,
  144,
  134,
  117,
  93,
  64,
  33,
  0,
  -33,
  -63,
  -89,
  -111,
  -127,
  -138,
  -144,
  -144,
  -140,
  -132,
  -121,
  -108,
  -94,
  -79,
  -65,
  -52,
  -40,
  -29,
  -21,
  -14,
  -9,
  -6
};
